{
 "cells": [
  {
   "cell_type": "code",
   "execution_count": 4,
   "metadata": {},
   "outputs": [],
   "source": [
    "from apps import *\n",
    "import pandas as pd"
   ]
  },
  {
   "cell_type": "code",
   "execution_count": 5,
   "metadata": {},
   "outputs": [],
   "source": [
    "target = [0,1]\n",
    "cardinality = 10\n",
    "TrainSet, idxGT = getmnist().getmnist(target, cardinality)"
   ]
  },
  {
   "cell_type": "code",
   "execution_count": 6,
   "metadata": {},
   "outputs": [
    {
     "data": {
      "text/html": [
       "<div>\n",
       "<style scoped>\n",
       "    .dataframe tbody tr th:only-of-type {\n",
       "        vertical-align: middle;\n",
       "    }\n",
       "\n",
       "    .dataframe tbody tr th {\n",
       "        vertical-align: top;\n",
       "    }\n",
       "\n",
       "    .dataframe thead th {\n",
       "        text-align: right;\n",
       "    }\n",
       "</style>\n",
       "<table border=\"1\" class=\"dataframe\">\n",
       "  <thead>\n",
       "    <tr style=\"text-align: right;\">\n",
       "      <th></th>\n",
       "      <th>0</th>\n",
       "      <th>1</th>\n",
       "      <th>2</th>\n",
       "      <th>3</th>\n",
       "      <th>4</th>\n",
       "      <th>5</th>\n",
       "      <th>6</th>\n",
       "      <th>7</th>\n",
       "      <th>8</th>\n",
       "      <th>9</th>\n",
       "      <th>10</th>\n",
       "      <th>11</th>\n",
       "      <th>12</th>\n",
       "      <th>13</th>\n",
       "      <th>14</th>\n",
       "      <th>15</th>\n",
       "      <th>16</th>\n",
       "      <th>17</th>\n",
       "      <th>18</th>\n",
       "      <th>19</th>\n",
       "    </tr>\n",
       "  </thead>\n",
       "  <tbody>\n",
       "    <tr>\n",
       "      <th>0</th>\n",
       "      <td>0.000000</td>\n",
       "      <td>1.153846</td>\n",
       "      <td>1.000000</td>\n",
       "      <td>1.111111</td>\n",
       "      <td>1.115385</td>\n",
       "      <td>1.111111</td>\n",
       "      <td>1.137931</td>\n",
       "      <td>1.115385</td>\n",
       "      <td>1.192308</td>\n",
       "      <td>1.153846</td>\n",
       "      <td>1.076923</td>\n",
       "      <td>1.115385</td>\n",
       "      <td>1.153846</td>\n",
       "      <td>1.115385</td>\n",
       "      <td>1.115385</td>\n",
       "      <td>1.115385</td>\n",
       "      <td>1.153846</td>\n",
       "      <td>1.153846</td>\n",
       "      <td>1.269231</td>\n",
       "      <td>1.192308</td>\n",
       "    </tr>\n",
       "    <tr>\n",
       "      <th>1</th>\n",
       "      <td>1.153846</td>\n",
       "      <td>0.000000</td>\n",
       "      <td>1.120000</td>\n",
       "      <td>1.111111</td>\n",
       "      <td>1.038462</td>\n",
       "      <td>1.148148</td>\n",
       "      <td>1.137931</td>\n",
       "      <td>1.076923</td>\n",
       "      <td>1.200000</td>\n",
       "      <td>1.080000</td>\n",
       "      <td>1.080000</td>\n",
       "      <td>1.120000</td>\n",
       "      <td>1.200000</td>\n",
       "      <td>1.160000</td>\n",
       "      <td>1.160000</td>\n",
       "      <td>1.120000</td>\n",
       "      <td>1.160000</td>\n",
       "      <td>1.160000</td>\n",
       "      <td>1.280000</td>\n",
       "      <td>1.240000</td>\n",
       "    </tr>\n",
       "    <tr>\n",
       "      <th>2</th>\n",
       "      <td>1.000000</td>\n",
       "      <td>1.120000</td>\n",
       "      <td>0.000000</td>\n",
       "      <td>1.074074</td>\n",
       "      <td>1.076923</td>\n",
       "      <td>1.037037</td>\n",
       "      <td>1.137931</td>\n",
       "      <td>1.038462</td>\n",
       "      <td>1.120000</td>\n",
       "      <td>1.120000</td>\n",
       "      <td>1.083333</td>\n",
       "      <td>1.083333</td>\n",
       "      <td>1.166667</td>\n",
       "      <td>1.083333</td>\n",
       "      <td>1.125000</td>\n",
       "      <td>1.125000</td>\n",
       "      <td>1.166667</td>\n",
       "      <td>1.083333</td>\n",
       "      <td>1.291667</td>\n",
       "      <td>1.166667</td>\n",
       "    </tr>\n",
       "    <tr>\n",
       "      <th>3</th>\n",
       "      <td>1.111111</td>\n",
       "      <td>1.111111</td>\n",
       "      <td>1.074074</td>\n",
       "      <td>0.000000</td>\n",
       "      <td>1.111111</td>\n",
       "      <td>1.074074</td>\n",
       "      <td>1.103448</td>\n",
       "      <td>1.074074</td>\n",
       "      <td>1.148148</td>\n",
       "      <td>1.148148</td>\n",
       "      <td>1.074074</td>\n",
       "      <td>1.037037</td>\n",
       "      <td>1.111111</td>\n",
       "      <td>1.111111</td>\n",
       "      <td>1.111111</td>\n",
       "      <td>1.111111</td>\n",
       "      <td>1.111111</td>\n",
       "      <td>1.148148</td>\n",
       "      <td>1.185185</td>\n",
       "      <td>1.148148</td>\n",
       "    </tr>\n",
       "    <tr>\n",
       "      <th>4</th>\n",
       "      <td>1.115385</td>\n",
       "      <td>1.038462</td>\n",
       "      <td>1.076923</td>\n",
       "      <td>1.111111</td>\n",
       "      <td>0.000000</td>\n",
       "      <td>1.074074</td>\n",
       "      <td>1.068966</td>\n",
       "      <td>1.115385</td>\n",
       "      <td>1.038462</td>\n",
       "      <td>1.038462</td>\n",
       "      <td>1.076923</td>\n",
       "      <td>1.038462</td>\n",
       "      <td>1.115385</td>\n",
       "      <td>1.038462</td>\n",
       "      <td>1.076923</td>\n",
       "      <td>1.076923</td>\n",
       "      <td>1.076923</td>\n",
       "      <td>1.076923</td>\n",
       "      <td>1.192308</td>\n",
       "      <td>1.115385</td>\n",
       "    </tr>\n",
       "    <tr>\n",
       "      <th>5</th>\n",
       "      <td>1.111111</td>\n",
       "      <td>1.148148</td>\n",
       "      <td>1.037037</td>\n",
       "      <td>1.074074</td>\n",
       "      <td>1.074074</td>\n",
       "      <td>0.000000</td>\n",
       "      <td>1.103448</td>\n",
       "      <td>1.111111</td>\n",
       "      <td>1.111111</td>\n",
       "      <td>1.000000</td>\n",
       "      <td>1.074074</td>\n",
       "      <td>1.074074</td>\n",
       "      <td>1.148148</td>\n",
       "      <td>1.111111</td>\n",
       "      <td>1.111111</td>\n",
       "      <td>1.111111</td>\n",
       "      <td>1.111111</td>\n",
       "      <td>1.111111</td>\n",
       "      <td>1.222222</td>\n",
       "      <td>1.148148</td>\n",
       "    </tr>\n",
       "    <tr>\n",
       "      <th>6</th>\n",
       "      <td>1.137931</td>\n",
       "      <td>1.137931</td>\n",
       "      <td>1.137931</td>\n",
       "      <td>1.103448</td>\n",
       "      <td>1.068966</td>\n",
       "      <td>1.103448</td>\n",
       "      <td>0.000000</td>\n",
       "      <td>1.172414</td>\n",
       "      <td>1.137931</td>\n",
       "      <td>1.172414</td>\n",
       "      <td>1.172414</td>\n",
       "      <td>1.137931</td>\n",
       "      <td>1.172414</td>\n",
       "      <td>1.068966</td>\n",
       "      <td>1.137931</td>\n",
       "      <td>1.172414</td>\n",
       "      <td>1.137931</td>\n",
       "      <td>1.172414</td>\n",
       "      <td>1.241379</td>\n",
       "      <td>1.172414</td>\n",
       "    </tr>\n",
       "    <tr>\n",
       "      <th>7</th>\n",
       "      <td>1.115385</td>\n",
       "      <td>1.076923</td>\n",
       "      <td>1.038462</td>\n",
       "      <td>1.074074</td>\n",
       "      <td>1.115385</td>\n",
       "      <td>1.111111</td>\n",
       "      <td>1.172414</td>\n",
       "      <td>0.000000</td>\n",
       "      <td>1.038462</td>\n",
       "      <td>1.153846</td>\n",
       "      <td>1.076923</td>\n",
       "      <td>1.076923</td>\n",
       "      <td>1.153846</td>\n",
       "      <td>1.076923</td>\n",
       "      <td>1.115385</td>\n",
       "      <td>1.076923</td>\n",
       "      <td>1.115385</td>\n",
       "      <td>1.115385</td>\n",
       "      <td>1.230769</td>\n",
       "      <td>1.153846</td>\n",
       "    </tr>\n",
       "    <tr>\n",
       "      <th>8</th>\n",
       "      <td>1.192308</td>\n",
       "      <td>1.200000</td>\n",
       "      <td>1.120000</td>\n",
       "      <td>1.148148</td>\n",
       "      <td>1.038462</td>\n",
       "      <td>1.111111</td>\n",
       "      <td>1.137931</td>\n",
       "      <td>1.038462</td>\n",
       "      <td>0.000000</td>\n",
       "      <td>1.040000</td>\n",
       "      <td>1.000000</td>\n",
       "      <td>1.040000</td>\n",
       "      <td>1.080000</td>\n",
       "      <td>1.040000</td>\n",
       "      <td>1.040000</td>\n",
       "      <td>1.040000</td>\n",
       "      <td>1.040000</td>\n",
       "      <td>1.080000</td>\n",
       "      <td>1.160000</td>\n",
       "      <td>1.080000</td>\n",
       "    </tr>\n",
       "    <tr>\n",
       "      <th>9</th>\n",
       "      <td>1.153846</td>\n",
       "      <td>1.080000</td>\n",
       "      <td>1.120000</td>\n",
       "      <td>1.148148</td>\n",
       "      <td>1.038462</td>\n",
       "      <td>1.000000</td>\n",
       "      <td>1.172414</td>\n",
       "      <td>1.153846</td>\n",
       "      <td>1.040000</td>\n",
       "      <td>0.000000</td>\n",
       "      <td>1.120000</td>\n",
       "      <td>1.040000</td>\n",
       "      <td>1.120000</td>\n",
       "      <td>1.120000</td>\n",
       "      <td>1.120000</td>\n",
       "      <td>1.120000</td>\n",
       "      <td>1.120000</td>\n",
       "      <td>1.160000</td>\n",
       "      <td>1.200000</td>\n",
       "      <td>1.160000</td>\n",
       "    </tr>\n",
       "    <tr>\n",
       "      <th>10</th>\n",
       "      <td>1.076923</td>\n",
       "      <td>1.080000</td>\n",
       "      <td>1.083333</td>\n",
       "      <td>1.074074</td>\n",
       "      <td>1.076923</td>\n",
       "      <td>1.074074</td>\n",
       "      <td>1.172414</td>\n",
       "      <td>1.076923</td>\n",
       "      <td>1.000000</td>\n",
       "      <td>1.120000</td>\n",
       "      <td>0.000000</td>\n",
       "      <td>1.043478</td>\n",
       "      <td>1.136364</td>\n",
       "      <td>1.045455</td>\n",
       "      <td>1.000000</td>\n",
       "      <td>0.909091</td>\n",
       "      <td>1.045455</td>\n",
       "      <td>1.045455</td>\n",
       "      <td>1.227273</td>\n",
       "      <td>1.136364</td>\n",
       "    </tr>\n",
       "    <tr>\n",
       "      <th>11</th>\n",
       "      <td>1.115385</td>\n",
       "      <td>1.120000</td>\n",
       "      <td>1.083333</td>\n",
       "      <td>1.037037</td>\n",
       "      <td>1.038462</td>\n",
       "      <td>1.074074</td>\n",
       "      <td>1.137931</td>\n",
       "      <td>1.076923</td>\n",
       "      <td>1.040000</td>\n",
       "      <td>1.040000</td>\n",
       "      <td>1.043478</td>\n",
       "      <td>0.000000</td>\n",
       "      <td>1.130435</td>\n",
       "      <td>1.000000</td>\n",
       "      <td>1.000000</td>\n",
       "      <td>1.043478</td>\n",
       "      <td>1.000000</td>\n",
       "      <td>1.086957</td>\n",
       "      <td>1.217391</td>\n",
       "      <td>1.173913</td>\n",
       "    </tr>\n",
       "    <tr>\n",
       "      <th>12</th>\n",
       "      <td>1.153846</td>\n",
       "      <td>1.200000</td>\n",
       "      <td>1.166667</td>\n",
       "      <td>1.111111</td>\n",
       "      <td>1.115385</td>\n",
       "      <td>1.148148</td>\n",
       "      <td>1.172414</td>\n",
       "      <td>1.153846</td>\n",
       "      <td>1.080000</td>\n",
       "      <td>1.120000</td>\n",
       "      <td>1.136364</td>\n",
       "      <td>1.130435</td>\n",
       "      <td>0.000000</td>\n",
       "      <td>1.095238</td>\n",
       "      <td>1.100000</td>\n",
       "      <td>1.142857</td>\n",
       "      <td>1.105263</td>\n",
       "      <td>1.142857</td>\n",
       "      <td>1.111111</td>\n",
       "      <td>1.000000</td>\n",
       "    </tr>\n",
       "    <tr>\n",
       "      <th>13</th>\n",
       "      <td>1.115385</td>\n",
       "      <td>1.160000</td>\n",
       "      <td>1.083333</td>\n",
       "      <td>1.111111</td>\n",
       "      <td>1.038462</td>\n",
       "      <td>1.111111</td>\n",
       "      <td>1.068966</td>\n",
       "      <td>1.076923</td>\n",
       "      <td>1.040000</td>\n",
       "      <td>1.120000</td>\n",
       "      <td>1.045455</td>\n",
       "      <td>1.000000</td>\n",
       "      <td>1.095238</td>\n",
       "      <td>0.000000</td>\n",
       "      <td>1.000000</td>\n",
       "      <td>1.047619</td>\n",
       "      <td>1.000000</td>\n",
       "      <td>1.047619</td>\n",
       "      <td>1.238095</td>\n",
       "      <td>1.142857</td>\n",
       "    </tr>\n",
       "    <tr>\n",
       "      <th>14</th>\n",
       "      <td>1.115385</td>\n",
       "      <td>1.160000</td>\n",
       "      <td>1.125000</td>\n",
       "      <td>1.111111</td>\n",
       "      <td>1.076923</td>\n",
       "      <td>1.111111</td>\n",
       "      <td>1.137931</td>\n",
       "      <td>1.115385</td>\n",
       "      <td>1.040000</td>\n",
       "      <td>1.120000</td>\n",
       "      <td>1.000000</td>\n",
       "      <td>1.000000</td>\n",
       "      <td>1.100000</td>\n",
       "      <td>1.000000</td>\n",
       "      <td>0.000000</td>\n",
       "      <td>1.000000</td>\n",
       "      <td>0.900000</td>\n",
       "      <td>1.047619</td>\n",
       "      <td>1.250000</td>\n",
       "      <td>1.150000</td>\n",
       "    </tr>\n",
       "    <tr>\n",
       "      <th>15</th>\n",
       "      <td>1.115385</td>\n",
       "      <td>1.120000</td>\n",
       "      <td>1.125000</td>\n",
       "      <td>1.111111</td>\n",
       "      <td>1.076923</td>\n",
       "      <td>1.111111</td>\n",
       "      <td>1.172414</td>\n",
       "      <td>1.076923</td>\n",
       "      <td>1.040000</td>\n",
       "      <td>1.120000</td>\n",
       "      <td>0.909091</td>\n",
       "      <td>1.043478</td>\n",
       "      <td>1.142857</td>\n",
       "      <td>1.047619</td>\n",
       "      <td>1.000000</td>\n",
       "      <td>0.000000</td>\n",
       "      <td>1.047619</td>\n",
       "      <td>1.095238</td>\n",
       "      <td>1.238095</td>\n",
       "      <td>1.142857</td>\n",
       "    </tr>\n",
       "    <tr>\n",
       "      <th>16</th>\n",
       "      <td>1.153846</td>\n",
       "      <td>1.160000</td>\n",
       "      <td>1.166667</td>\n",
       "      <td>1.111111</td>\n",
       "      <td>1.076923</td>\n",
       "      <td>1.111111</td>\n",
       "      <td>1.137931</td>\n",
       "      <td>1.115385</td>\n",
       "      <td>1.040000</td>\n",
       "      <td>1.120000</td>\n",
       "      <td>1.045455</td>\n",
       "      <td>1.000000</td>\n",
       "      <td>1.105263</td>\n",
       "      <td>1.000000</td>\n",
       "      <td>0.900000</td>\n",
       "      <td>1.047619</td>\n",
       "      <td>0.000000</td>\n",
       "      <td>1.047619</td>\n",
       "      <td>1.263158</td>\n",
       "      <td>1.105263</td>\n",
       "    </tr>\n",
       "    <tr>\n",
       "      <th>17</th>\n",
       "      <td>1.153846</td>\n",
       "      <td>1.160000</td>\n",
       "      <td>1.083333</td>\n",
       "      <td>1.148148</td>\n",
       "      <td>1.076923</td>\n",
       "      <td>1.111111</td>\n",
       "      <td>1.172414</td>\n",
       "      <td>1.115385</td>\n",
       "      <td>1.080000</td>\n",
       "      <td>1.160000</td>\n",
       "      <td>1.045455</td>\n",
       "      <td>1.086957</td>\n",
       "      <td>1.142857</td>\n",
       "      <td>1.047619</td>\n",
       "      <td>1.047619</td>\n",
       "      <td>1.095238</td>\n",
       "      <td>1.047619</td>\n",
       "      <td>0.000000</td>\n",
       "      <td>1.190476</td>\n",
       "      <td>1.142857</td>\n",
       "    </tr>\n",
       "    <tr>\n",
       "      <th>18</th>\n",
       "      <td>1.269231</td>\n",
       "      <td>1.280000</td>\n",
       "      <td>1.291667</td>\n",
       "      <td>1.185185</td>\n",
       "      <td>1.192308</td>\n",
       "      <td>1.222222</td>\n",
       "      <td>1.241379</td>\n",
       "      <td>1.230769</td>\n",
       "      <td>1.160000</td>\n",
       "      <td>1.200000</td>\n",
       "      <td>1.227273</td>\n",
       "      <td>1.217391</td>\n",
       "      <td>1.111111</td>\n",
       "      <td>1.238095</td>\n",
       "      <td>1.250000</td>\n",
       "      <td>1.238095</td>\n",
       "      <td>1.263158</td>\n",
       "      <td>1.190476</td>\n",
       "      <td>0.000000</td>\n",
       "      <td>1.058824</td>\n",
       "    </tr>\n",
       "    <tr>\n",
       "      <th>19</th>\n",
       "      <td>1.192308</td>\n",
       "      <td>1.240000</td>\n",
       "      <td>1.166667</td>\n",
       "      <td>1.148148</td>\n",
       "      <td>1.115385</td>\n",
       "      <td>1.148148</td>\n",
       "      <td>1.172414</td>\n",
       "      <td>1.153846</td>\n",
       "      <td>1.080000</td>\n",
       "      <td>1.160000</td>\n",
       "      <td>1.136364</td>\n",
       "      <td>1.173913</td>\n",
       "      <td>1.000000</td>\n",
       "      <td>1.142857</td>\n",
       "      <td>1.150000</td>\n",
       "      <td>1.142857</td>\n",
       "      <td>1.105263</td>\n",
       "      <td>1.142857</td>\n",
       "      <td>1.058824</td>\n",
       "      <td>0.000000</td>\n",
       "    </tr>\n",
       "  </tbody>\n",
       "</table>\n",
       "</div>"
      ],
      "text/plain": [
       "          0         1         2         3         4         5         6   \\\n",
       "0   0.000000  1.153846  1.000000  1.111111  1.115385  1.111111  1.137931   \n",
       "1   1.153846  0.000000  1.120000  1.111111  1.038462  1.148148  1.137931   \n",
       "2   1.000000  1.120000  0.000000  1.074074  1.076923  1.037037  1.137931   \n",
       "3   1.111111  1.111111  1.074074  0.000000  1.111111  1.074074  1.103448   \n",
       "4   1.115385  1.038462  1.076923  1.111111  0.000000  1.074074  1.068966   \n",
       "5   1.111111  1.148148  1.037037  1.074074  1.074074  0.000000  1.103448   \n",
       "6   1.137931  1.137931  1.137931  1.103448  1.068966  1.103448  0.000000   \n",
       "7   1.115385  1.076923  1.038462  1.074074  1.115385  1.111111  1.172414   \n",
       "8   1.192308  1.200000  1.120000  1.148148  1.038462  1.111111  1.137931   \n",
       "9   1.153846  1.080000  1.120000  1.148148  1.038462  1.000000  1.172414   \n",
       "10  1.076923  1.080000  1.083333  1.074074  1.076923  1.074074  1.172414   \n",
       "11  1.115385  1.120000  1.083333  1.037037  1.038462  1.074074  1.137931   \n",
       "12  1.153846  1.200000  1.166667  1.111111  1.115385  1.148148  1.172414   \n",
       "13  1.115385  1.160000  1.083333  1.111111  1.038462  1.111111  1.068966   \n",
       "14  1.115385  1.160000  1.125000  1.111111  1.076923  1.111111  1.137931   \n",
       "15  1.115385  1.120000  1.125000  1.111111  1.076923  1.111111  1.172414   \n",
       "16  1.153846  1.160000  1.166667  1.111111  1.076923  1.111111  1.137931   \n",
       "17  1.153846  1.160000  1.083333  1.148148  1.076923  1.111111  1.172414   \n",
       "18  1.269231  1.280000  1.291667  1.185185  1.192308  1.222222  1.241379   \n",
       "19  1.192308  1.240000  1.166667  1.148148  1.115385  1.148148  1.172414   \n",
       "\n",
       "          7         8         9         10        11        12        13  \\\n",
       "0   1.115385  1.192308  1.153846  1.076923  1.115385  1.153846  1.115385   \n",
       "1   1.076923  1.200000  1.080000  1.080000  1.120000  1.200000  1.160000   \n",
       "2   1.038462  1.120000  1.120000  1.083333  1.083333  1.166667  1.083333   \n",
       "3   1.074074  1.148148  1.148148  1.074074  1.037037  1.111111  1.111111   \n",
       "4   1.115385  1.038462  1.038462  1.076923  1.038462  1.115385  1.038462   \n",
       "5   1.111111  1.111111  1.000000  1.074074  1.074074  1.148148  1.111111   \n",
       "6   1.172414  1.137931  1.172414  1.172414  1.137931  1.172414  1.068966   \n",
       "7   0.000000  1.038462  1.153846  1.076923  1.076923  1.153846  1.076923   \n",
       "8   1.038462  0.000000  1.040000  1.000000  1.040000  1.080000  1.040000   \n",
       "9   1.153846  1.040000  0.000000  1.120000  1.040000  1.120000  1.120000   \n",
       "10  1.076923  1.000000  1.120000  0.000000  1.043478  1.136364  1.045455   \n",
       "11  1.076923  1.040000  1.040000  1.043478  0.000000  1.130435  1.000000   \n",
       "12  1.153846  1.080000  1.120000  1.136364  1.130435  0.000000  1.095238   \n",
       "13  1.076923  1.040000  1.120000  1.045455  1.000000  1.095238  0.000000   \n",
       "14  1.115385  1.040000  1.120000  1.000000  1.000000  1.100000  1.000000   \n",
       "15  1.076923  1.040000  1.120000  0.909091  1.043478  1.142857  1.047619   \n",
       "16  1.115385  1.040000  1.120000  1.045455  1.000000  1.105263  1.000000   \n",
       "17  1.115385  1.080000  1.160000  1.045455  1.086957  1.142857  1.047619   \n",
       "18  1.230769  1.160000  1.200000  1.227273  1.217391  1.111111  1.238095   \n",
       "19  1.153846  1.080000  1.160000  1.136364  1.173913  1.000000  1.142857   \n",
       "\n",
       "          14        15        16        17        18        19  \n",
       "0   1.115385  1.115385  1.153846  1.153846  1.269231  1.192308  \n",
       "1   1.160000  1.120000  1.160000  1.160000  1.280000  1.240000  \n",
       "2   1.125000  1.125000  1.166667  1.083333  1.291667  1.166667  \n",
       "3   1.111111  1.111111  1.111111  1.148148  1.185185  1.148148  \n",
       "4   1.076923  1.076923  1.076923  1.076923  1.192308  1.115385  \n",
       "5   1.111111  1.111111  1.111111  1.111111  1.222222  1.148148  \n",
       "6   1.137931  1.172414  1.137931  1.172414  1.241379  1.172414  \n",
       "7   1.115385  1.076923  1.115385  1.115385  1.230769  1.153846  \n",
       "8   1.040000  1.040000  1.040000  1.080000  1.160000  1.080000  \n",
       "9   1.120000  1.120000  1.120000  1.160000  1.200000  1.160000  \n",
       "10  1.000000  0.909091  1.045455  1.045455  1.227273  1.136364  \n",
       "11  1.000000  1.043478  1.000000  1.086957  1.217391  1.173913  \n",
       "12  1.100000  1.142857  1.105263  1.142857  1.111111  1.000000  \n",
       "13  1.000000  1.047619  1.000000  1.047619  1.238095  1.142857  \n",
       "14  0.000000  1.000000  0.900000  1.047619  1.250000  1.150000  \n",
       "15  1.000000  0.000000  1.047619  1.095238  1.238095  1.142857  \n",
       "16  0.900000  1.047619  0.000000  1.047619  1.263158  1.105263  \n",
       "17  1.047619  1.095238  1.047619  0.000000  1.190476  1.142857  \n",
       "18  1.250000  1.238095  1.263158  1.190476  0.000000  1.058824  \n",
       "19  1.150000  1.142857  1.105263  1.142857  1.058824  0.000000  "
      ]
     },
     "execution_count": 6,
     "metadata": {},
     "output_type": "execute_result"
    }
   ],
   "source": [
    "mnistdistance = gnist().mnistdistance(TrainSet)\n",
    "pd.DataFrame(mnistdistance)"
   ]
  },
  {
   "cell_type": "code",
   "execution_count": null,
   "metadata": {},
   "outputs": [],
   "source": []
  }
 ],
 "metadata": {
  "kernelspec": {
   "display_name": "Python 3",
   "language": "python",
   "name": "python3"
  },
  "language_info": {
   "codemirror_mode": {
    "name": "ipython",
    "version": 3
   },
   "file_extension": ".py",
   "mimetype": "text/x-python",
   "name": "python",
   "nbconvert_exporter": "python",
   "pygments_lexer": "ipython3",
   "version": "3.7.6"
  }
 },
 "nbformat": 4,
 "nbformat_minor": 4
}
