{
 "cells": [
  {
   "cell_type": "code",
   "execution_count": 1,
   "metadata": {},
   "outputs": [],
   "source": [
    "from gnist import *\n",
    "import pandas as pd"
   ]
  },
  {
   "cell_type": "code",
   "execution_count": 2,
   "metadata": {},
   "outputs": [],
   "source": [
    "target = [0,1]\n",
    "cardinality = 10\n",
    "TrainSet, idxGT = gnist().getmnist(target, cardinality)"
   ]
  },
  {
   "cell_type": "code",
   "execution_count": 3,
   "metadata": {},
   "outputs": [
    {
     "data": {
      "text/html": [
       "<div>\n",
       "<style scoped>\n",
       "    .dataframe tbody tr th:only-of-type {\n",
       "        vertical-align: middle;\n",
       "    }\n",
       "\n",
       "    .dataframe tbody tr th {\n",
       "        vertical-align: top;\n",
       "    }\n",
       "\n",
       "    .dataframe thead th {\n",
       "        text-align: right;\n",
       "    }\n",
       "</style>\n",
       "<table border=\"1\" class=\"dataframe\">\n",
       "  <thead>\n",
       "    <tr style=\"text-align: right;\">\n",
       "      <th></th>\n",
       "      <th>0</th>\n",
       "      <th>1</th>\n",
       "      <th>2</th>\n",
       "      <th>3</th>\n",
       "      <th>4</th>\n",
       "      <th>5</th>\n",
       "      <th>6</th>\n",
       "      <th>7</th>\n",
       "      <th>8</th>\n",
       "      <th>9</th>\n",
       "      <th>10</th>\n",
       "      <th>11</th>\n",
       "      <th>12</th>\n",
       "      <th>13</th>\n",
       "      <th>14</th>\n",
       "      <th>15</th>\n",
       "      <th>16</th>\n",
       "      <th>17</th>\n",
       "      <th>18</th>\n",
       "      <th>19</th>\n",
       "    </tr>\n",
       "  </thead>\n",
       "  <tbody>\n",
       "    <tr>\n",
       "      <th>0</th>\n",
       "      <td>0.000000</td>\n",
       "      <td>1.115385</td>\n",
       "      <td>1.111111</td>\n",
       "      <td>1.076923</td>\n",
       "      <td>1.148148</td>\n",
       "      <td>1.038462</td>\n",
       "      <td>1.066667</td>\n",
       "      <td>1.034483</td>\n",
       "      <td>1.038462</td>\n",
       "      <td>1.038462</td>\n",
       "      <td>1.153846</td>\n",
       "      <td>1.115385</td>\n",
       "      <td>1.076923</td>\n",
       "      <td>1.192308</td>\n",
       "      <td>1.115385</td>\n",
       "      <td>1.192308</td>\n",
       "      <td>1.076923</td>\n",
       "      <td>1.115385</td>\n",
       "      <td>1.038462</td>\n",
       "      <td>1.192308</td>\n",
       "    </tr>\n",
       "    <tr>\n",
       "      <th>1</th>\n",
       "      <td>1.115385</td>\n",
       "      <td>0.000000</td>\n",
       "      <td>1.111111</td>\n",
       "      <td>1.038462</td>\n",
       "      <td>1.074074</td>\n",
       "      <td>1.000000</td>\n",
       "      <td>1.100000</td>\n",
       "      <td>1.137931</td>\n",
       "      <td>0.923077</td>\n",
       "      <td>1.038462</td>\n",
       "      <td>1.153846</td>\n",
       "      <td>1.115385</td>\n",
       "      <td>1.115385</td>\n",
       "      <td>1.192308</td>\n",
       "      <td>1.076923</td>\n",
       "      <td>1.192308</td>\n",
       "      <td>1.076923</td>\n",
       "      <td>1.115385</td>\n",
       "      <td>1.076923</td>\n",
       "      <td>1.153846</td>\n",
       "    </tr>\n",
       "    <tr>\n",
       "      <th>2</th>\n",
       "      <td>1.111111</td>\n",
       "      <td>1.111111</td>\n",
       "      <td>0.000000</td>\n",
       "      <td>1.148148</td>\n",
       "      <td>1.111111</td>\n",
       "      <td>0.962963</td>\n",
       "      <td>1.066667</td>\n",
       "      <td>1.000000</td>\n",
       "      <td>1.037037</td>\n",
       "      <td>1.000000</td>\n",
       "      <td>1.148148</td>\n",
       "      <td>1.111111</td>\n",
       "      <td>1.185185</td>\n",
       "      <td>1.185185</td>\n",
       "      <td>1.074074</td>\n",
       "      <td>1.148148</td>\n",
       "      <td>1.111111</td>\n",
       "      <td>1.111111</td>\n",
       "      <td>1.037037</td>\n",
       "      <td>1.111111</td>\n",
       "    </tr>\n",
       "    <tr>\n",
       "      <th>3</th>\n",
       "      <td>1.076923</td>\n",
       "      <td>1.038462</td>\n",
       "      <td>1.148148</td>\n",
       "      <td>0.000000</td>\n",
       "      <td>1.148148</td>\n",
       "      <td>1.120000</td>\n",
       "      <td>1.100000</td>\n",
       "      <td>1.206897</td>\n",
       "      <td>1.083333</td>\n",
       "      <td>1.120000</td>\n",
       "      <td>1.166667</td>\n",
       "      <td>1.125000</td>\n",
       "      <td>1.125000</td>\n",
       "      <td>1.208333</td>\n",
       "      <td>1.125000</td>\n",
       "      <td>1.250000</td>\n",
       "      <td>1.125000</td>\n",
       "      <td>1.125000</td>\n",
       "      <td>1.125000</td>\n",
       "      <td>1.208333</td>\n",
       "    </tr>\n",
       "    <tr>\n",
       "      <th>4</th>\n",
       "      <td>1.148148</td>\n",
       "      <td>1.074074</td>\n",
       "      <td>1.111111</td>\n",
       "      <td>1.148148</td>\n",
       "      <td>0.000000</td>\n",
       "      <td>0.962963</td>\n",
       "      <td>1.100000</td>\n",
       "      <td>1.137931</td>\n",
       "      <td>1.000000</td>\n",
       "      <td>1.148148</td>\n",
       "      <td>1.148148</td>\n",
       "      <td>1.074074</td>\n",
       "      <td>1.074074</td>\n",
       "      <td>1.185185</td>\n",
       "      <td>1.074074</td>\n",
       "      <td>1.185185</td>\n",
       "      <td>1.111111</td>\n",
       "      <td>1.111111</td>\n",
       "      <td>1.074074</td>\n",
       "      <td>1.185185</td>\n",
       "    </tr>\n",
       "    <tr>\n",
       "      <th>5</th>\n",
       "      <td>1.038462</td>\n",
       "      <td>1.000000</td>\n",
       "      <td>0.962963</td>\n",
       "      <td>1.120000</td>\n",
       "      <td>0.962963</td>\n",
       "      <td>0.000000</td>\n",
       "      <td>1.066667</td>\n",
       "      <td>1.103448</td>\n",
       "      <td>1.040000</td>\n",
       "      <td>1.080000</td>\n",
       "      <td>1.160000</td>\n",
       "      <td>1.120000</td>\n",
       "      <td>1.120000</td>\n",
       "      <td>1.200000</td>\n",
       "      <td>1.080000</td>\n",
       "      <td>1.200000</td>\n",
       "      <td>1.120000</td>\n",
       "      <td>1.160000</td>\n",
       "      <td>1.080000</td>\n",
       "      <td>1.160000</td>\n",
       "    </tr>\n",
       "    <tr>\n",
       "      <th>6</th>\n",
       "      <td>1.066667</td>\n",
       "      <td>1.100000</td>\n",
       "      <td>1.066667</td>\n",
       "      <td>1.100000</td>\n",
       "      <td>1.100000</td>\n",
       "      <td>1.066667</td>\n",
       "      <td>0.000000</td>\n",
       "      <td>1.066667</td>\n",
       "      <td>1.133333</td>\n",
       "      <td>1.066667</td>\n",
       "      <td>1.133333</td>\n",
       "      <td>1.100000</td>\n",
       "      <td>1.166667</td>\n",
       "      <td>1.200000</td>\n",
       "      <td>1.166667</td>\n",
       "      <td>1.200000</td>\n",
       "      <td>1.166667</td>\n",
       "      <td>1.166667</td>\n",
       "      <td>1.100000</td>\n",
       "      <td>1.166667</td>\n",
       "    </tr>\n",
       "    <tr>\n",
       "      <th>7</th>\n",
       "      <td>1.034483</td>\n",
       "      <td>1.137931</td>\n",
       "      <td>1.000000</td>\n",
       "      <td>1.206897</td>\n",
       "      <td>1.137931</td>\n",
       "      <td>1.103448</td>\n",
       "      <td>1.066667</td>\n",
       "      <td>0.000000</td>\n",
       "      <td>1.103448</td>\n",
       "      <td>1.137931</td>\n",
       "      <td>1.172414</td>\n",
       "      <td>1.137931</td>\n",
       "      <td>1.206897</td>\n",
       "      <td>1.206897</td>\n",
       "      <td>1.103448</td>\n",
       "      <td>1.172414</td>\n",
       "      <td>1.206897</td>\n",
       "      <td>1.206897</td>\n",
       "      <td>1.137931</td>\n",
       "      <td>1.172414</td>\n",
       "    </tr>\n",
       "    <tr>\n",
       "      <th>8</th>\n",
       "      <td>1.038462</td>\n",
       "      <td>0.923077</td>\n",
       "      <td>1.037037</td>\n",
       "      <td>1.083333</td>\n",
       "      <td>1.000000</td>\n",
       "      <td>1.040000</td>\n",
       "      <td>1.133333</td>\n",
       "      <td>1.103448</td>\n",
       "      <td>0.000000</td>\n",
       "      <td>1.040000</td>\n",
       "      <td>1.125000</td>\n",
       "      <td>1.041667</td>\n",
       "      <td>1.083333</td>\n",
       "      <td>1.166667</td>\n",
       "      <td>1.041667</td>\n",
       "      <td>1.125000</td>\n",
       "      <td>1.083333</td>\n",
       "      <td>1.041667</td>\n",
       "      <td>1.083333</td>\n",
       "      <td>1.083333</td>\n",
       "    </tr>\n",
       "    <tr>\n",
       "      <th>9</th>\n",
       "      <td>1.038462</td>\n",
       "      <td>1.038462</td>\n",
       "      <td>1.000000</td>\n",
       "      <td>1.120000</td>\n",
       "      <td>1.148148</td>\n",
       "      <td>1.080000</td>\n",
       "      <td>1.066667</td>\n",
       "      <td>1.137931</td>\n",
       "      <td>1.040000</td>\n",
       "      <td>0.000000</td>\n",
       "      <td>1.200000</td>\n",
       "      <td>1.120000</td>\n",
       "      <td>1.120000</td>\n",
       "      <td>1.240000</td>\n",
       "      <td>1.160000</td>\n",
       "      <td>1.200000</td>\n",
       "      <td>1.120000</td>\n",
       "      <td>1.160000</td>\n",
       "      <td>1.080000</td>\n",
       "      <td>1.160000</td>\n",
       "    </tr>\n",
       "    <tr>\n",
       "      <th>10</th>\n",
       "      <td>1.153846</td>\n",
       "      <td>1.153846</td>\n",
       "      <td>1.148148</td>\n",
       "      <td>1.166667</td>\n",
       "      <td>1.148148</td>\n",
       "      <td>1.160000</td>\n",
       "      <td>1.133333</td>\n",
       "      <td>1.172414</td>\n",
       "      <td>1.125000</td>\n",
       "      <td>1.200000</td>\n",
       "      <td>0.000000</td>\n",
       "      <td>1.052632</td>\n",
       "      <td>1.086957</td>\n",
       "      <td>1.058824</td>\n",
       "      <td>1.050000</td>\n",
       "      <td>1.058824</td>\n",
       "      <td>1.136364</td>\n",
       "      <td>1.095238</td>\n",
       "      <td>1.130435</td>\n",
       "      <td>0.882353</td>\n",
       "    </tr>\n",
       "    <tr>\n",
       "      <th>11</th>\n",
       "      <td>1.115385</td>\n",
       "      <td>1.115385</td>\n",
       "      <td>1.111111</td>\n",
       "      <td>1.125000</td>\n",
       "      <td>1.074074</td>\n",
       "      <td>1.120000</td>\n",
       "      <td>1.100000</td>\n",
       "      <td>1.137931</td>\n",
       "      <td>1.041667</td>\n",
       "      <td>1.120000</td>\n",
       "      <td>1.052632</td>\n",
       "      <td>0.000000</td>\n",
       "      <td>1.043478</td>\n",
       "      <td>1.105263</td>\n",
       "      <td>1.100000</td>\n",
       "      <td>1.157895</td>\n",
       "      <td>1.090909</td>\n",
       "      <td>1.000000</td>\n",
       "      <td>1.086957</td>\n",
       "      <td>1.105263</td>\n",
       "    </tr>\n",
       "    <tr>\n",
       "      <th>12</th>\n",
       "      <td>1.076923</td>\n",
       "      <td>1.115385</td>\n",
       "      <td>1.185185</td>\n",
       "      <td>1.125000</td>\n",
       "      <td>1.074074</td>\n",
       "      <td>1.120000</td>\n",
       "      <td>1.166667</td>\n",
       "      <td>1.206897</td>\n",
       "      <td>1.083333</td>\n",
       "      <td>1.120000</td>\n",
       "      <td>1.086957</td>\n",
       "      <td>1.043478</td>\n",
       "      <td>0.000000</td>\n",
       "      <td>1.130435</td>\n",
       "      <td>1.043478</td>\n",
       "      <td>1.130435</td>\n",
       "      <td>1.086957</td>\n",
       "      <td>1.043478</td>\n",
       "      <td>1.086957</td>\n",
       "      <td>1.086957</td>\n",
       "    </tr>\n",
       "    <tr>\n",
       "      <th>13</th>\n",
       "      <td>1.192308</td>\n",
       "      <td>1.192308</td>\n",
       "      <td>1.185185</td>\n",
       "      <td>1.208333</td>\n",
       "      <td>1.185185</td>\n",
       "      <td>1.200000</td>\n",
       "      <td>1.200000</td>\n",
       "      <td>1.206897</td>\n",
       "      <td>1.166667</td>\n",
       "      <td>1.240000</td>\n",
       "      <td>1.058824</td>\n",
       "      <td>1.105263</td>\n",
       "      <td>1.130435</td>\n",
       "      <td>0.000000</td>\n",
       "      <td>1.100000</td>\n",
       "      <td>1.133333</td>\n",
       "      <td>1.181818</td>\n",
       "      <td>1.190476</td>\n",
       "      <td>1.173913</td>\n",
       "      <td>1.117647</td>\n",
       "    </tr>\n",
       "    <tr>\n",
       "      <th>14</th>\n",
       "      <td>1.115385</td>\n",
       "      <td>1.076923</td>\n",
       "      <td>1.074074</td>\n",
       "      <td>1.125000</td>\n",
       "      <td>1.074074</td>\n",
       "      <td>1.080000</td>\n",
       "      <td>1.166667</td>\n",
       "      <td>1.103448</td>\n",
       "      <td>1.041667</td>\n",
       "      <td>1.160000</td>\n",
       "      <td>1.050000</td>\n",
       "      <td>1.100000</td>\n",
       "      <td>1.043478</td>\n",
       "      <td>1.100000</td>\n",
       "      <td>0.000000</td>\n",
       "      <td>1.150000</td>\n",
       "      <td>1.090909</td>\n",
       "      <td>1.047619</td>\n",
       "      <td>1.086957</td>\n",
       "      <td>1.100000</td>\n",
       "    </tr>\n",
       "    <tr>\n",
       "      <th>15</th>\n",
       "      <td>1.192308</td>\n",
       "      <td>1.192308</td>\n",
       "      <td>1.148148</td>\n",
       "      <td>1.250000</td>\n",
       "      <td>1.185185</td>\n",
       "      <td>1.200000</td>\n",
       "      <td>1.200000</td>\n",
       "      <td>1.172414</td>\n",
       "      <td>1.125000</td>\n",
       "      <td>1.200000</td>\n",
       "      <td>1.058824</td>\n",
       "      <td>1.157895</td>\n",
       "      <td>1.130435</td>\n",
       "      <td>1.133333</td>\n",
       "      <td>1.150000</td>\n",
       "      <td>0.000000</td>\n",
       "      <td>1.227273</td>\n",
       "      <td>1.190476</td>\n",
       "      <td>1.173913</td>\n",
       "      <td>1.058824</td>\n",
       "    </tr>\n",
       "    <tr>\n",
       "      <th>16</th>\n",
       "      <td>1.076923</td>\n",
       "      <td>1.076923</td>\n",
       "      <td>1.111111</td>\n",
       "      <td>1.125000</td>\n",
       "      <td>1.111111</td>\n",
       "      <td>1.120000</td>\n",
       "      <td>1.166667</td>\n",
       "      <td>1.206897</td>\n",
       "      <td>1.083333</td>\n",
       "      <td>1.120000</td>\n",
       "      <td>1.136364</td>\n",
       "      <td>1.090909</td>\n",
       "      <td>1.086957</td>\n",
       "      <td>1.181818</td>\n",
       "      <td>1.090909</td>\n",
       "      <td>1.227273</td>\n",
       "      <td>0.000000</td>\n",
       "      <td>1.000000</td>\n",
       "      <td>1.043478</td>\n",
       "      <td>1.181818</td>\n",
       "    </tr>\n",
       "    <tr>\n",
       "      <th>17</th>\n",
       "      <td>1.115385</td>\n",
       "      <td>1.115385</td>\n",
       "      <td>1.111111</td>\n",
       "      <td>1.125000</td>\n",
       "      <td>1.111111</td>\n",
       "      <td>1.160000</td>\n",
       "      <td>1.166667</td>\n",
       "      <td>1.206897</td>\n",
       "      <td>1.041667</td>\n",
       "      <td>1.160000</td>\n",
       "      <td>1.095238</td>\n",
       "      <td>1.000000</td>\n",
       "      <td>1.043478</td>\n",
       "      <td>1.190476</td>\n",
       "      <td>1.047619</td>\n",
       "      <td>1.190476</td>\n",
       "      <td>1.000000</td>\n",
       "      <td>0.000000</td>\n",
       "      <td>1.086957</td>\n",
       "      <td>1.142857</td>\n",
       "    </tr>\n",
       "    <tr>\n",
       "      <th>18</th>\n",
       "      <td>1.038462</td>\n",
       "      <td>1.076923</td>\n",
       "      <td>1.037037</td>\n",
       "      <td>1.125000</td>\n",
       "      <td>1.074074</td>\n",
       "      <td>1.080000</td>\n",
       "      <td>1.100000</td>\n",
       "      <td>1.137931</td>\n",
       "      <td>1.083333</td>\n",
       "      <td>1.080000</td>\n",
       "      <td>1.130435</td>\n",
       "      <td>1.086957</td>\n",
       "      <td>1.086957</td>\n",
       "      <td>1.173913</td>\n",
       "      <td>1.086957</td>\n",
       "      <td>1.173913</td>\n",
       "      <td>1.043478</td>\n",
       "      <td>1.086957</td>\n",
       "      <td>0.000000</td>\n",
       "      <td>1.130435</td>\n",
       "    </tr>\n",
       "    <tr>\n",
       "      <th>19</th>\n",
       "      <td>1.192308</td>\n",
       "      <td>1.153846</td>\n",
       "      <td>1.111111</td>\n",
       "      <td>1.208333</td>\n",
       "      <td>1.185185</td>\n",
       "      <td>1.160000</td>\n",
       "      <td>1.166667</td>\n",
       "      <td>1.172414</td>\n",
       "      <td>1.083333</td>\n",
       "      <td>1.160000</td>\n",
       "      <td>0.882353</td>\n",
       "      <td>1.105263</td>\n",
       "      <td>1.086957</td>\n",
       "      <td>1.117647</td>\n",
       "      <td>1.100000</td>\n",
       "      <td>1.058824</td>\n",
       "      <td>1.181818</td>\n",
       "      <td>1.142857</td>\n",
       "      <td>1.130435</td>\n",
       "      <td>0.000000</td>\n",
       "    </tr>\n",
       "  </tbody>\n",
       "</table>\n",
       "</div>"
      ],
      "text/plain": [
       "          0         1         2         3         4         5         6   \\\n",
       "0   0.000000  1.115385  1.111111  1.076923  1.148148  1.038462  1.066667   \n",
       "1   1.115385  0.000000  1.111111  1.038462  1.074074  1.000000  1.100000   \n",
       "2   1.111111  1.111111  0.000000  1.148148  1.111111  0.962963  1.066667   \n",
       "3   1.076923  1.038462  1.148148  0.000000  1.148148  1.120000  1.100000   \n",
       "4   1.148148  1.074074  1.111111  1.148148  0.000000  0.962963  1.100000   \n",
       "5   1.038462  1.000000  0.962963  1.120000  0.962963  0.000000  1.066667   \n",
       "6   1.066667  1.100000  1.066667  1.100000  1.100000  1.066667  0.000000   \n",
       "7   1.034483  1.137931  1.000000  1.206897  1.137931  1.103448  1.066667   \n",
       "8   1.038462  0.923077  1.037037  1.083333  1.000000  1.040000  1.133333   \n",
       "9   1.038462  1.038462  1.000000  1.120000  1.148148  1.080000  1.066667   \n",
       "10  1.153846  1.153846  1.148148  1.166667  1.148148  1.160000  1.133333   \n",
       "11  1.115385  1.115385  1.111111  1.125000  1.074074  1.120000  1.100000   \n",
       "12  1.076923  1.115385  1.185185  1.125000  1.074074  1.120000  1.166667   \n",
       "13  1.192308  1.192308  1.185185  1.208333  1.185185  1.200000  1.200000   \n",
       "14  1.115385  1.076923  1.074074  1.125000  1.074074  1.080000  1.166667   \n",
       "15  1.192308  1.192308  1.148148  1.250000  1.185185  1.200000  1.200000   \n",
       "16  1.076923  1.076923  1.111111  1.125000  1.111111  1.120000  1.166667   \n",
       "17  1.115385  1.115385  1.111111  1.125000  1.111111  1.160000  1.166667   \n",
       "18  1.038462  1.076923  1.037037  1.125000  1.074074  1.080000  1.100000   \n",
       "19  1.192308  1.153846  1.111111  1.208333  1.185185  1.160000  1.166667   \n",
       "\n",
       "          7         8         9         10        11        12        13  \\\n",
       "0   1.034483  1.038462  1.038462  1.153846  1.115385  1.076923  1.192308   \n",
       "1   1.137931  0.923077  1.038462  1.153846  1.115385  1.115385  1.192308   \n",
       "2   1.000000  1.037037  1.000000  1.148148  1.111111  1.185185  1.185185   \n",
       "3   1.206897  1.083333  1.120000  1.166667  1.125000  1.125000  1.208333   \n",
       "4   1.137931  1.000000  1.148148  1.148148  1.074074  1.074074  1.185185   \n",
       "5   1.103448  1.040000  1.080000  1.160000  1.120000  1.120000  1.200000   \n",
       "6   1.066667  1.133333  1.066667  1.133333  1.100000  1.166667  1.200000   \n",
       "7   0.000000  1.103448  1.137931  1.172414  1.137931  1.206897  1.206897   \n",
       "8   1.103448  0.000000  1.040000  1.125000  1.041667  1.083333  1.166667   \n",
       "9   1.137931  1.040000  0.000000  1.200000  1.120000  1.120000  1.240000   \n",
       "10  1.172414  1.125000  1.200000  0.000000  1.052632  1.086957  1.058824   \n",
       "11  1.137931  1.041667  1.120000  1.052632  0.000000  1.043478  1.105263   \n",
       "12  1.206897  1.083333  1.120000  1.086957  1.043478  0.000000  1.130435   \n",
       "13  1.206897  1.166667  1.240000  1.058824  1.105263  1.130435  0.000000   \n",
       "14  1.103448  1.041667  1.160000  1.050000  1.100000  1.043478  1.100000   \n",
       "15  1.172414  1.125000  1.200000  1.058824  1.157895  1.130435  1.133333   \n",
       "16  1.206897  1.083333  1.120000  1.136364  1.090909  1.086957  1.181818   \n",
       "17  1.206897  1.041667  1.160000  1.095238  1.000000  1.043478  1.190476   \n",
       "18  1.137931  1.083333  1.080000  1.130435  1.086957  1.086957  1.173913   \n",
       "19  1.172414  1.083333  1.160000  0.882353  1.105263  1.086957  1.117647   \n",
       "\n",
       "          14        15        16        17        18        19  \n",
       "0   1.115385  1.192308  1.076923  1.115385  1.038462  1.192308  \n",
       "1   1.076923  1.192308  1.076923  1.115385  1.076923  1.153846  \n",
       "2   1.074074  1.148148  1.111111  1.111111  1.037037  1.111111  \n",
       "3   1.125000  1.250000  1.125000  1.125000  1.125000  1.208333  \n",
       "4   1.074074  1.185185  1.111111  1.111111  1.074074  1.185185  \n",
       "5   1.080000  1.200000  1.120000  1.160000  1.080000  1.160000  \n",
       "6   1.166667  1.200000  1.166667  1.166667  1.100000  1.166667  \n",
       "7   1.103448  1.172414  1.206897  1.206897  1.137931  1.172414  \n",
       "8   1.041667  1.125000  1.083333  1.041667  1.083333  1.083333  \n",
       "9   1.160000  1.200000  1.120000  1.160000  1.080000  1.160000  \n",
       "10  1.050000  1.058824  1.136364  1.095238  1.130435  0.882353  \n",
       "11  1.100000  1.157895  1.090909  1.000000  1.086957  1.105263  \n",
       "12  1.043478  1.130435  1.086957  1.043478  1.086957  1.086957  \n",
       "13  1.100000  1.133333  1.181818  1.190476  1.173913  1.117647  \n",
       "14  0.000000  1.150000  1.090909  1.047619  1.086957  1.100000  \n",
       "15  1.150000  0.000000  1.227273  1.190476  1.173913  1.058824  \n",
       "16  1.090909  1.227273  0.000000  1.000000  1.043478  1.181818  \n",
       "17  1.047619  1.190476  1.000000  0.000000  1.086957  1.142857  \n",
       "18  1.086957  1.173913  1.043478  1.086957  0.000000  1.130435  \n",
       "19  1.100000  1.058824  1.181818  1.142857  1.130435  0.000000  "
      ]
     },
     "execution_count": 3,
     "metadata": {},
     "output_type": "execute_result"
    }
   ],
   "source": [
    "mnistdistance = gnist().mnistdistance(TrainSet)\n",
    "pd.DataFrame(mnistdistance)"
   ]
  }
 ],
 "metadata": {
  "kernelspec": {
   "display_name": "Python 3",
   "language": "python",
   "name": "python3"
  },
  "language_info": {
   "codemirror_mode": {
    "name": "ipython",
    "version": 3
   },
   "file_extension": ".py",
   "mimetype": "text/x-python",
   "name": "python",
   "nbconvert_exporter": "python",
   "pygments_lexer": "ipython3",
   "version": "3.7.6"
  }
 },
 "nbformat": 4,
 "nbformat_minor": 4
}
